mean_SMAPE: 0.05293368130519737
mean_MASE: 0.5710951150353448
mean_CRPS: 0.016910144580326754