mean_SMAPE: 0.025054786295560637
mean_MASE: 0.4221053249009533
mean_CRPS: 0.008322304570658629