mean_SMAPE: 0.026404254433964904
mean_MASE: 0.4340176448391317
mean_CRPS: 0.008671678538299435