mean_SMAPE: 0.017542353634036317
mean_MASE: 0.24681373370231846
mean_CRPS: 0.00576660923085489