mean_SMAPE: 0.017104547479812424
mean_MASE: 0.2438058335123544
mean_CRPS: 0.005670073828240252