mean_SMAPE: 0.02823850470730804
mean_MASE: 0.4450311766005215
mean_CRPS: 0.00924259818950978