mean_SMAPE: 0.017243053239491785
mean_MASE: 0.22793638327263166
mean_CRPS: 0.0057459938461845135