mean_SMAPE: 0.017495102137079322
mean_MASE: 0.2364142624935293
mean_CRPS: 0.005794698680107188