mean_SMAPE: 0.049774365229767775
mean_MASE: 0.5585090732066919
mean_CRPS: 0.016176101099633588