mean_SMAPE: 0.04716782065500621
mean_MASE: 0.5347859418758008
mean_CRPS: 0.014822071639765412