mean_SMAPE: 0.04611610674507161
mean_MASE: 0.5138200562311337
mean_CRPS: 0.014426677566556115