mean_SMAPE: 0.014881644569002884
mean_MASE: 0.21548501474016427
mean_CRPS: 0.004959289605855454