mean_SMAPE: 0.017956479413103577
mean_MASE: 0.23518747602893988
mean_CRPS: 0.00597919547000986