mean_SMAPE: 0.01795630195192356
mean_MASE: 0.26572777227370675
mean_CRPS: 0.005957636673129284