mean_SMAPE: 0.019017169515512498
mean_MASE: 0.250018402990545
mean_CRPS: 0.006327852095074832