mean_SMAPE: 0.026240810851685777
mean_MASE: 0.4269318736627948
mean_CRPS: 0.008686468260418996