mean_SMAPE: 0.035169234321361195
mean_MASE: 1.3414805458064867
mean_CRPS: 0.011671835153296875
