mean_SMAPE: 0.08137975440636994
mean_MASE: 2.3147241008228394
mean_CRPS: 0.027323023496649678
